0.833
0.883
0.900
0.900
0.900
0.933
0.750
0.917
0.883
0.867
0.783
0.950
0.683
0.917
0.850
0.950
0.800
0.833
0.867
0.850
0.817
0.850
0.933
0.783
0.867
0.883
0.967
0.767
0.967
0.783
0.867
0.750
0.867
0.817
0.900
0.800
0.800
0.917
0.817
0.883
0.733
0.767
0.867
0.867
0.967
0.733
0.850
0.817
0.867
0.833
0.717
0.800
0.833
0.867
0.833
0.800
0.717
0.950
0.883
0.867
0.833
0.883
0.933
0.767
0.850
0.783
0.833
0.833
0.717
0.733
0.817
0.733
0.700
0.800
0.950
0.950
0.900
0.917
0.767
0.917
0.933
0.900
0.900
0.850
0.950
0.867
0.833
0.867
0.933
0.917
0.900
0.767
0.983
0.817
0.967
0.817
0.883
0.967
0.650
0.900
0.783
0.933
0.917
0.867
0.867
0.800
0.867
0.883
