0.671
0.726
0.959
0.890
0.945
0.918
0.712
0.795
0.548
0.863
0.753
0.890
0.836
0.849
0.795
0.822
0.781
0.904
0.767
0.781
0.932
0.904
0.863
0.808
0.932
0.959
0.945
0.795
0.877
0.959
0.753
0.575
0.808
0.877
0.808
0.877
0.904
0.890
0.836
0.959
0.712
0.863
0.699
0.890
0.986
0.918
0.630
0.890
0.808
0.685
0.671
0.904
0.795
0.932
0.863
0.986
0.767
0.849
0.822
0.918
0.836
0.836
0.904
0.945
0.795
0.890
0.918
0.808
0.932
0.890
0.699
0.562
0.849
0.671
0.795
0.877
0.932
0.973
0.795
0.740
0.726
0.836
0.877
0.932
0.808
0.808
0.877
0.904
0.836
0.836
0.849
0.918
0.932
0.630
0.644
0.575
0.808
0.836
0.849
0.726
0.959
0.863
0.918
0.863
0.890
0.877
0.630
0.699
